-0.52602 -0.71803 -0.45578 
-0.52602 -0.71803 -0.45578 
-0.52602 -0.71803 -0.45578 
-0.52602 -0.71803 -0.45578 
-0.92845 0.32525 -0.17943 
-0.92845 0.32525 -0.17943 
-0.92845 0.32525 -0.17943 
-0.92845 0.32525 -0.17943 
-0.40124 -0.90858 -0.11612 
-0.40124 -0.90858 -0.11612 
-0.40124 -0.90858 -0.11612 
-0.40124 -0.90858 -0.11612 
0.76588 0.035643 0.64199 
0.76588 0.035643 0.64199 
0.76588 0.035643 0.64199 
0.76588 0.035643 0.64199 
-0.3185 -0.15784 0.93469 
-0.3185 -0.15784 0.93469 
-0.3185 -0.15784 0.93469 
-0.3185 -0.15784 0.93469 
-0.71678 0.67399 0.17877 
-0.71678 0.67399 0.17877 
-0.71678 0.67399 0.17877 
-0.71678 0.67399 0.17877 
0.20872 0.77464 0.59697 
0.20872 0.77464 0.59697 
0.20872 0.77464 0.59697 
0.20872 0.77464 0.59697 
0.17416 -0.90461 0.38904 
0.17416 -0.90461 0.38904 
0.17416 -0.90461 0.38904 
0.17416 -0.90461 0.38904 
-0.17441 -0.68485 -0.70751 
-0.17441 -0.68485 -0.70751 
-0.17441 -0.68485 -0.70751 
-0.17441 -0.68485 -0.70751 
0.82492 -0.38964 0.4095 
0.82492 -0.38964 0.4095 
0.82492 -0.38964 0.4095 
0.82492 -0.38964 0.4095 
0.72744 -0.50262 0.46712 
0.72744 -0.50262 0.46712 
0.72744 -0.50262 0.46712 
0.72744 -0.50262 0.46712 
0.74733 0.56726 -0.346 
0.74733 0.56726 -0.346 
0.74733 0.56726 -0.346 
0.74733 0.56726 -0.346 
-0.21429 0.64014 0.73777 
-0.21429 0.64014 0.73777 
-0.21429 0.64014 0.73777 
-0.21429 0.64014 0.73777 
-0.85857 -0.18345 0.47874 
-0.85857 -0.18345 0.47874 
-0.85857 -0.18345 0.47874 
-0.85857 -0.18345 0.47874 
0.27544 -0.075977 0.95831 
0.27544 -0.075977 0.95831 
0.27544 -0.075977 0.95831 
0.27544 -0.075977 0.95831 
-0.36907 -0.86241 0.34645 
-0.36907 -0.86241 0.34645 
-0.36907 -0.86241 0.34645 
-0.36907 -0.86241 0.34645 
-0.092095 -0.48243 -0.87108 
-0.092095 -0.48243 -0.87108 
-0.092095 -0.48243 -0.87108 
-0.092095 -0.48243 -0.87108 
-0.14023 0.083748 0.98657 
-0.14023 0.083748 0.98657 
-0.14023 0.083748 0.98657 
-0.14023 0.083748 0.98657 
-0.19257 0.34866 -0.91725 
-0.19257 0.34866 -0.91725 
-0.19257 0.34866 -0.91725 
-0.19257 0.34866 -0.91725 
-0.58253 -0.59405 -0.55476 
-0.58253 -0.59405 -0.55476 
-0.58253 -0.59405 -0.55476 
-0.58253 -0.59405 -0.55476 
-0.9264 -0.36365 0.097699 
-0.9264 -0.36365 0.097699 
-0.9264 -0.36365 0.097699 
-0.9264 -0.36365 0.097699 
-0.85116 -0.29558 -0.43377 
-0.85116 -0.29558 -0.43377 
-0.85116 -0.29558 -0.43377 
-0.85116 -0.29558 -0.43377 
-0.61933 0.051695 0.78343 
-0.61933 0.051695 0.78343 
-0.61933 0.051695 0.78343 
-0.61933 0.051695 0.78343 
0.96537 -0.096808 -0.24227 
0.96537 -0.096808 -0.24227 
0.96537 -0.096808 -0.24227 
0.96537 -0.096808 -0.24227 
0.57959 -0.8142 0.033857 
0.57959 -0.8142 0.033857 
0.57959 -0.8142 0.033857 
0.57959 -0.8142 0.033857 
0.56418 -0.30794 0.76608 
0.56418 -0.30794 0.76608 
0.56418 -0.30794 0.76608 
0.56418 -0.30794 0.76608 
0.8564 0.15747 -0.49172 
0.8564 0.15747 -0.49172 
0.8564 0.15747 -0.49172 
0.8564 0.15747 -0.49172 
0.49277 0.025932 -0.86977 
0.49277 0.025932 -0.86977 
0.49277 0.025932 -0.86977 
0.49277 0.025932 -0.86977 
-0.5712 -0.37259 0.73137 
-0.5712 -0.37259 0.73137 
-0.5712 -0.37259 0.73137 
-0.5712 -0.37259 0.73137 
0.11638 0.83968 0.53047 
0.11638 0.83968 0.53047 
0.11638 0.83968 0.53047 
0.11638 0.83968 0.53047 
0.7605 0.63742 0.12385 
0.7605 0.63742 0.12385 
0.7605 0.63742 0.12385 
0.7605 0.63742 0.12385 
0.46191 0.84101 -0.28167 
0.46191 0.84101 -0.28167 
0.46191 0.84101 -0.28167 
0.46191 0.84101 -0.28167 
0.23232 0.93182 -0.27881 
0.23232 0.93182 -0.27881 
0.23232 0.93182 -0.27881 
0.23232 0.93182 -0.27881 
-0.5536 0.57448 -0.60291 
-0.5536 0.57448 -0.60291 
-0.5536 0.57448 -0.60291 
-0.5536 0.57448 -0.60291 
-0.25049 -0.71335 0.65451 
-0.25049 -0.71335 0.65451 
-0.25049 -0.71335 0.65451 
-0.25049 -0.71335 0.65451 
0.3842 -0.74293 -0.54813 
0.3842 -0.74293 -0.54813 
0.3842 -0.74293 -0.54813 
0.3842 -0.74293 -0.54813 
-0.67584 0.58207 0.45215 
-0.67584 0.58207 0.45215 
-0.67584 0.58207 0.45215 
-0.67584 0.58207 0.45215 
-0.27461 -0.88583 0.37403 
-0.27461 -0.88583 0.37403 
-0.27461 -0.88583 0.37403 
-0.27461 -0.88583 0.37403 
-0.60505 0.71195 0.35642 
-0.60505 0.71195 0.35642 
-0.60505 0.71195 0.35642 
-0.60505 0.71195 0.35642 
-0.88726 0.45441 0.079298 
-0.88726 0.45441 0.079298 
-0.88726 0.45441 0.079298 
-0.88726 0.45441 0.079298 
-0.80128 -0.40897 -0.43668 
-0.80128 -0.40897 -0.43668 
-0.80128 -0.40897 -0.43668 
-0.80128 -0.40897 -0.43668 
0.15826 0.78335 0.6011 
0.15826 0.78335 0.6011 
0.15826 0.78335 0.6011 
0.15826 0.78335 0.6011 
0.40473 0.89009 0.20959 
0.40473 0.89009 0.20959 
0.40473 0.89009 0.20959 
0.40473 0.89009 0.20959 
0.22981 0.12345 -0.96537 
0.22981 0.12345 -0.96537 
0.22981 0.12345 -0.96537 
0.22981 0.12345 -0.96537 
0.25505 -0.86847 -0.4251 
0.25505 -0.86847 -0.4251 
0.25505 -0.86847 -0.4251 
0.25505 -0.86847 -0.4251 
0.088952 -0.12515 -0.98814 
0.088952 -0.12515 -0.98814 
0.088952 -0.12515 -0.98814 
0.088952 -0.12515 -0.98814 
-0.0093492 0.99216 0.12465 
-0.0093492 0.99216 0.12465 
-0.0093492 0.99216 0.12465 
-0.0093492 0.99216 0.12465 
0.14856 0.31712 -0.93668 
0.14856 0.31712 -0.93668 
0.14856 0.31712 -0.93668 
0.14856 0.31712 -0.93668 
0.86482 -0.131 0.48469 
0.86482 -0.131 0.48469 
0.86482 -0.131 0.48469 
0.86482 -0.131 0.48469 
0.86469 -0.45427 -0.21434 
0.86469 -0.45427 -0.21434 
0.86469 -0.45427 -0.21434 
0.86469 -0.45427 -0.21434 
-0.95111 -0.30268 0.061481 
-0.95111 -0.30268 0.061481 
-0.95111 -0.30268 0.061481 
-0.95111 -0.30268 0.061481 
-0.8119 0.4806 0.33144 
-0.8119 0.4806 0.33144 
-0.8119 0.4806 0.33144 
-0.8119 0.4806 0.33144 
0.09525 0.37125 0.92363 
0.09525 0.37125 0.92363 
0.09525 0.37125 0.92363 
0.09525 0.37125 0.92363 
-0.23859 0.74368 0.62451 
-0.23859 0.74368 0.62451 
-0.23859 0.74368 0.62451 
-0.23859 0.74368 0.62451 
-0.71678 0.67399 0.17877 
-0.71678 0.67399 0.17877 
-0.71678 0.67399 0.17877 
-0.71678 0.67399 0.17877 
0.4845 0.44217 0.75481 
0.4845 0.44217 0.75481 
0.4845 0.44217 0.75481 
0.4845 0.44217 0.75481 
0.92267 0.28793 0.25646 
0.92267 0.28793 0.25646 
0.92267 0.28793 0.25646 
0.92267 0.28793 0.25646 
0.74826 0.52197 -0.40947 
0.74826 0.52197 -0.40947 
0.74826 0.52197 -0.40947 
0.74826 0.52197 -0.40947 
-0.11875 -0.98407 0.13229 
-0.11875 -0.98407 0.13229 
-0.11875 -0.98407 0.13229 
-0.11875 -0.98407 0.13229 
-0.80207 -0.56262 0.20038 
-0.80207 -0.56262 0.20038 
-0.80207 -0.56262 0.20038 
-0.80207 -0.56262 0.20038 
-0.96718 -0.13519 -0.21513 
-0.96718 -0.13519 -0.21513 
-0.96718 -0.13519 -0.21513 
-0.96718 -0.13519 -0.21513 
-0.67888 0.72188 -0.1342 
-0.67888 0.72188 -0.1342 
-0.67888 0.72188 -0.1342 
-0.67888 0.72188 -0.1342 
-0.85857 -0.18345 0.47874 
-0.85857 -0.18345 0.47874 
-0.85857 -0.18345 0.47874 
-0.85857 -0.18345 0.47874 
0.30207 -0.27499 -0.91276 
0.30207 -0.27499 -0.91276 
0.30207 -0.27499 -0.91276 
0.30207 -0.27499 -0.91276 
-0.040727 0.96037 0.27574 
-0.040727 0.96037 0.27574 
-0.040727 0.96037 0.27574 
-0.040727 0.96037 0.27574 
-0.54425 -0.41768 -0.72756 
-0.54425 -0.41768 -0.72756 
-0.54425 -0.41768 -0.72756 
-0.54425 -0.41768 -0.72756 
0.7073 0.12895 0.69506 
0.7073 0.12895 0.69506 
0.7073 0.12895 0.69506 
0.7073 0.12895 0.69506 
0.49931 -0.51117 0.69957 
0.49931 -0.51117 0.69957 
0.49931 -0.51117 0.69957 
0.49931 -0.51117 0.69957 
-0.93966 0.30894 -0.14697 
-0.93966 0.30894 -0.14697 
-0.93966 0.30894 -0.14697 
-0.93966 0.30894 -0.14697 
-0.73489 -0.67116 -0.097337 
-0.73489 -0.67116 -0.097337 
-0.73489 -0.67116 -0.097337 
-0.73489 -0.67116 -0.097337 
0.9754 -0.061314 0.21176 
0.9754 -0.061314 0.21176 
0.9754 -0.061314 0.21176 
0.9754 -0.061314 0.21176 
0.98639 -0.041692 -0.15903 
0.98639 -0.041692 -0.15903 
0.98639 -0.041692 -0.15903 
0.98639 -0.041692 -0.15903 
-0.27461 -0.88583 0.37403 
-0.27461 -0.88583 0.37403 
-0.27461 -0.88583 0.37403 
-0.27461 -0.88583 0.37403 
0.75098 -0.22626 -0.62036 
0.75098 -0.22626 -0.62036 
0.75098 -0.22626 -0.62036 
0.75098 -0.22626 -0.62036 
-0.13571 -0.90165 -0.41062 
-0.13571 -0.90165 -0.41062 
-0.13571 -0.90165 -0.41062 
-0.13571 -0.90165 -0.41062 
0.6123 -0.20993 -0.76225 
0.6123 -0.20993 -0.76225 
0.6123 -0.20993 -0.76225 
0.6123 -0.20993 -0.76225 
-0.56429 0.48362 0.66909 
-0.56429 0.48362 0.66909 
-0.56429 0.48362 0.66909 
-0.56429 0.48362 0.66909 
0.48809 -0.79221 0.36628 
0.48809 -0.79221 0.36628 
0.48809 -0.79221 0.36628 
0.48809 -0.79221 0.36628 
0.47274 0.28545 0.83369 
0.47274 0.28545 0.83369 
0.47274 0.28545 0.83369 
0.47274 0.28545 0.83369 
-0.38856 -0.056612 -0.91968 
-0.38856 -0.056612 -0.91968 
-0.38856 -0.056612 -0.91968 
-0.38856 -0.056612 -0.91968 
-0.042058 0.38788 0.92075 
-0.042058 0.38788 0.92075 
-0.042058 0.38788 0.92075 
-0.042058 0.38788 0.92075 
0.49931 -0.51117 0.69957 
0.49931 -0.51117 0.69957 
0.49931 -0.51117 0.69957 
0.49931 -0.51117 0.69957 
-0.013662 0.0092935 -0.99986 
-0.013662 0.0092935 -0.99986 
-0.013662 0.0092935 -0.99986 
-0.013662 0.0092935 -0.99986 
-0.76767 0.072755 -0.6367 
-0.76767 0.072755 -0.6367 
-0.76767 0.072755 -0.6367 
-0.76767 0.072755 -0.6367 
0.30858 -0.9398 0.1468 
0.30858 -0.9398 0.1468 
0.30858 -0.9398 0.1468 
0.30858 -0.9398 0.1468 
0.73116 -0.67814 0.074406 
0.73116 -0.67814 0.074406 
0.73116 -0.67814 0.074406 
0.73116 -0.67814 0.074406 
-0.032709 -0.60428 0.7961 
-0.032709 -0.60428 0.7961 
-0.032709 -0.60428 0.7961 
-0.032709 -0.60428 0.7961 
-0.15725 -0.5051 0.84862 
-0.15725 -0.5051 0.84862 
-0.15725 -0.5051 0.84862 
-0.15725 -0.5051 0.84862 
-0.31615 0.11532 -0.94167 
-0.31615 0.11532 -0.94167 
-0.31615 0.11532 -0.94167 
-0.31615 0.11532 -0.94167 
0.095646 -0.85462 0.51037 
0.095646 -0.85462 0.51037 
0.095646 -0.85462 0.51037 
0.095646 -0.85462 0.51037 
-0.39727 -0.71064 0.58066 
-0.39727 -0.71064 0.58066 
-0.39727 -0.71064 0.58066 
-0.39727 -0.71064 0.58066 
0.016581 -0.99769 -0.065802 
0.016581 -0.99769 -0.065802 
0.016581 -0.99769 -0.065802 
0.016581 -0.99769 -0.065802 
-0.53293 -0.43781 0.72409 
-0.53293 -0.43781 0.72409 
-0.53293 -0.43781 0.72409 
-0.53293 -0.43781 0.72409 
-0.82599 0.23747 0.51122 
-0.82599 0.23747 0.51122 
-0.82599 0.23747 0.51122 
-0.82599 0.23747 0.51122 
-0.14023 0.083748 0.98657 
-0.14023 0.083748 0.98657 
-0.14023 0.083748 0.98657 
-0.14023 0.083748 0.98657 
-0.86185 -0.34155 -0.3749 
-0.86185 -0.34155 -0.3749 
-0.86185 -0.34155 -0.3749 
-0.86185 -0.34155 -0.3749 
0.0087369 -0.77901 0.62695 
0.0087369 -0.77901 0.62695 
0.0087369 -0.77901 0.62695 
0.0087369 -0.77901 0.62695 
-0.60652 -0.40326 0.68521 
-0.60652 -0.40326 0.68521 
-0.60652 -0.40326 0.68521 
-0.60652 -0.40326 0.68521 
-0.85116 -0.29558 -0.43377 
-0.85116 -0.29558 -0.43377 
-0.85116 -0.29558 -0.43377 
-0.85116 -0.29558 -0.43377 
0.57349 -0.27652 0.77113 
0.57349 -0.27652 0.77113 
0.57349 -0.27652 0.77113 
0.57349 -0.27652 0.77113 
0.1816 -0.53605 0.82442 
0.1816 -0.53605 0.82442 
0.1816 -0.53605 0.82442 
0.1816 -0.53605 0.82442 
-0.59073 -0.78192 0.1991 
-0.59073 -0.78192 0.1991 
-0.59073 -0.78192 0.1991 
-0.59073 -0.78192 0.1991 
-0.94866 -0.04821 0.31259 
-0.94866 -0.04821 0.31259 
-0.94866 -0.04821 0.31259 
-0.94866 -0.04821 0.31259 
0.38907 -0.41536 -0.82226 
0.38907 -0.41536 -0.82226 
0.38907 -0.41536 -0.82226 
0.38907 -0.41536 -0.82226 
-0.15594 0.94075 -0.30111 
-0.15594 0.94075 -0.30111 
-0.15594 0.94075 -0.30111 
-0.15594 0.94075 -0.30111 
0.82541 0.18786 -0.53236 
0.82541 0.18786 -0.53236 
0.82541 0.18786 -0.53236 
0.82541 0.18786 -0.53236 
0.11638 0.83968 0.53047 
0.11638 0.83968 0.53047 
0.11638 0.83968 0.53047 
0.11638 0.83968 0.53047 
-0.35856 0.62257 -0.69559 
-0.35856 0.62257 -0.69559 
-0.35856 0.62257 -0.69559 
-0.35856 0.62257 -0.69559 
-0.46449 0.85133 0.24389 
-0.46449 0.85133 0.24389 
-0.46449 0.85133 0.24389 
-0.46449 0.85133 0.24389 
-0.41518 0.90862 0.045091 
-0.41518 0.90862 0.045091 
-0.41518 0.90862 0.045091 
-0.41518 0.90862 0.045091 
-0.56446 -0.79114 -0.23554 
-0.56446 -0.79114 -0.23554 
-0.56446 -0.79114 -0.23554 
-0.56446 -0.79114 -0.23554 
0.49906 -0.68361 0.53255 
0.49906 -0.68361 0.53255 
0.49906 -0.68361 0.53255 
0.49906 -0.68361 0.53255 
-0.52602 -0.71803 -0.45578 
-0.52602 -0.71803 -0.45578 
-0.52602 -0.71803 -0.45578 
-0.52602 -0.71803 -0.45578 
-0.92845 0.32525 -0.17943 
-0.92845 0.32525 -0.17943 
-0.92845 0.32525 -0.17943 
-0.92845 0.32525 -0.17943 
-0.40124 -0.90858 -0.11612 
-0.40124 -0.90858 -0.11612 
-0.40124 -0.90858 -0.11612 
-0.40124 -0.90858 -0.11612 
0.76588 0.035643 0.64199 
0.76588 0.035643 0.64199 
0.76588 0.035643 0.64199 
0.76588 0.035643 0.64199 
-0.3185 -0.15784 0.93469 
-0.3185 -0.15784 0.93469 
-0.3185 -0.15784 0.93469 
-0.3185 -0.15784 0.93469 
-0.71678 0.67399 0.17877 
-0.71678 0.67399 0.17877 
-0.71678 0.67399 0.17877 
-0.71678 0.67399 0.17877 
0.20872 0.77464 0.59697 
0.20872 0.77464 0.59697 
0.20872 0.77464 0.59697 
0.20872 0.77464 0.59697 
0.17416 -0.90461 0.38904 
0.17416 -0.90461 0.38904 
0.17416 -0.90461 0.38904 
0.17416 -0.90461 0.38904 
-0.17441 -0.68485 -0.70751 
-0.17441 -0.68485 -0.70751 
-0.17441 -0.68485 -0.70751 
-0.17441 -0.68485 -0.70751 
0.82492 -0.38964 0.4095 
0.82492 -0.38964 0.4095 
0.82492 -0.38964 0.4095 
0.82492 -0.38964 0.4095 
0.72744 -0.50262 0.46712 
0.72744 -0.50262 0.46712 
0.72744 -0.50262 0.46712 
0.72744 -0.50262 0.46712 
0.74733 0.56726 -0.346 
0.74733 0.56726 -0.346 
0.74733 0.56726 -0.346 
0.74733 0.56726 -0.346 
-0.21429 0.64014 0.73777 
-0.21429 0.64014 0.73777 
-0.21429 0.64014 0.73777 
-0.21429 0.64014 0.73777 
-0.85857 -0.18345 0.47874 
-0.85857 -0.18345 0.47874 
-0.85857 -0.18345 0.47874 
-0.85857 -0.18345 0.47874 
0.27544 -0.075977 0.95831 
0.27544 -0.075977 0.95831 
0.27544 -0.075977 0.95831 
0.27544 -0.075977 0.95831 
-0.36907 -0.86241 0.34645 
-0.36907 -0.86241 0.34645 
-0.36907 -0.86241 0.34645 
-0.36907 -0.86241 0.34645 
-0.092095 -0.48243 -0.87108 
-0.092095 -0.48243 -0.87108 
-0.092095 -0.48243 -0.87108 
-0.092095 -0.48243 -0.87108 
-0.14023 0.083748 0.98657 
-0.14023 0.083748 0.98657 
-0.14023 0.083748 0.98657 
-0.14023 0.083748 0.98657 
-0.19257 0.34866 -0.91725 
-0.19257 0.34866 -0.91725 
-0.19257 0.34866 -0.91725 
-0.19257 0.34866 -0.91725 
-0.58253 -0.59405 -0.55476 
-0.58253 -0.59405 -0.55476 
-0.58253 -0.59405 -0.55476 
-0.58253 -0.59405 -0.55476 
-0.9264 -0.36365 0.097699 
-0.9264 -0.36365 0.097699 
-0.9264 -0.36365 0.097699 
-0.9264 -0.36365 0.097699 
-0.85116 -0.29558 -0.43377 
-0.85116 -0.29558 -0.43377 
-0.85116 -0.29558 -0.43377 
-0.85116 -0.29558 -0.43377 
-0.61933 0.051695 0.78343 
-0.61933 0.051695 0.78343 
-0.61933 0.051695 0.78343 
-0.61933 0.051695 0.78343 
0.96537 -0.096808 -0.24227 
0.96537 -0.096808 -0.24227 
0.96537 -0.096808 -0.24227 
0.96537 -0.096808 -0.24227 
0.57959 -0.8142 0.033857 
0.57959 -0.8142 0.033857 
0.57959 -0.8142 0.033857 
0.57959 -0.8142 0.033857 
0.56418 -0.30794 0.76608 
0.56418 -0.30794 0.76608 
0.56418 -0.30794 0.76608 
0.56418 -0.30794 0.76608 
0.8564 0.15747 -0.49172 
0.8564 0.15747 -0.49172 
0.8564 0.15747 -0.49172 
0.8564 0.15747 -0.49172 
0.49277 0.025932 -0.86977 
0.49277 0.025932 -0.86977 
0.49277 0.025932 -0.86977 
0.49277 0.025932 -0.86977 
-0.5712 -0.37259 0.73137 
-0.5712 -0.37259 0.73137 
-0.5712 -0.37259 0.73137 
-0.5712 -0.37259 0.73137 
0.11638 0.83968 0.53047 
0.11638 0.83968 0.53047 
0.11638 0.83968 0.53047 
0.11638 0.83968 0.53047 
0.7605 0.63742 0.12385 
0.7605 0.63742 0.12385 
0.7605 0.63742 0.12385 
0.7605 0.63742 0.12385 
0.46191 0.84101 -0.28167 
0.46191 0.84101 -0.28167 
0.46191 0.84101 -0.28167 
0.46191 0.84101 -0.28167 
0.23232 0.93182 -0.27881 
0.23232 0.93182 -0.27881 
0.23232 0.93182 -0.27881 
0.23232 0.93182 -0.27881 
-0.5536 0.57448 -0.60291 
-0.5536 0.57448 -0.60291 
-0.5536 0.57448 -0.60291 
-0.5536 0.57448 -0.60291 
-0.25049 -0.71335 0.65451 
-0.25049 -0.71335 0.65451 
-0.25049 -0.71335 0.65451 
-0.25049 -0.71335 0.65451 
0.3842 -0.74293 -0.54813 
0.3842 -0.74293 -0.54813 
0.3842 -0.74293 -0.54813 
0.3842 -0.74293 -0.54813 
-0.67584 0.58207 0.45215 
-0.67584 0.58207 0.45215 
-0.67584 0.58207 0.45215 
-0.67584 0.58207 0.45215 
-0.27461 -0.88583 0.37403 
-0.27461 -0.88583 0.37403 
-0.27461 -0.88583 0.37403 
-0.27461 -0.88583 0.37403 
-0.60505 0.71195 0.35642 
-0.60505 0.71195 0.35642 
-0.60505 0.71195 0.35642 
-0.60505 0.71195 0.35642 
-0.88726 0.45441 0.079298 
-0.88726 0.45441 0.079298 
-0.88726 0.45441 0.079298 
-0.88726 0.45441 0.079298 
-0.80128 -0.40897 -0.43668 
-0.80128 -0.40897 -0.43668 
-0.80128 -0.40897 -0.43668 
-0.80128 -0.40897 -0.43668 
0.15826 0.78335 0.6011 
0.15826 0.78335 0.6011 
0.15826 0.78335 0.6011 
0.15826 0.78335 0.6011 
0.40473 0.89009 0.20959 
0.40473 0.89009 0.20959 
0.40473 0.89009 0.20959 
0.40473 0.89009 0.20959 
0.22981 0.12345 -0.96537 
0.22981 0.12345 -0.96537 
0.22981 0.12345 -0.96537 
0.22981 0.12345 -0.96537 
0.25505 -0.86847 -0.4251 
0.25505 -0.86847 -0.4251 
0.25505 -0.86847 -0.4251 
0.25505 -0.86847 -0.4251 
0.088952 -0.12515 -0.98814 
0.088952 -0.12515 -0.98814 
0.088952 -0.12515 -0.98814 
0.088952 -0.12515 -0.98814 
-0.0093492 0.99216 0.12465 
-0.0093492 0.99216 0.12465 
-0.0093492 0.99216 0.12465 
-0.0093492 0.99216 0.12465 
0.14856 0.31712 -0.93668 
0.14856 0.31712 -0.93668 
0.14856 0.31712 -0.93668 
0.14856 0.31712 -0.93668 
0.86482 -0.131 0.48469 
0.86482 -0.131 0.48469 
0.86482 -0.131 0.48469 
0.86482 -0.131 0.48469 
0.86469 -0.45427 -0.21434 
0.86469 -0.45427 -0.21434 
0.86469 -0.45427 -0.21434 
0.86469 -0.45427 -0.21434 
-0.95111 -0.30268 0.061481 
-0.95111 -0.30268 0.061481 
-0.95111 -0.30268 0.061481 
-0.95111 -0.30268 0.061481 
-0.8119 0.4806 0.33144 
-0.8119 0.4806 0.33144 
-0.8119 0.4806 0.33144 
-0.8119 0.4806 0.33144 
0.09525 0.37125 0.92363 
0.09525 0.37125 0.92363 
0.09525 0.37125 0.92363 
0.09525 0.37125 0.92363 
-0.23859 0.74368 0.62451 
-0.23859 0.74368 0.62451 
-0.23859 0.74368 0.62451 
-0.23859 0.74368 0.62451 
-0.71678 0.67399 0.17877 
-0.71678 0.67399 0.17877 
-0.71678 0.67399 0.17877 
-0.71678 0.67399 0.17877 
0.4845 0.44217 0.75481 
0.4845 0.44217 0.75481 
0.4845 0.44217 0.75481 
0.4845 0.44217 0.75481 
0.92267 0.28793 0.25646 
0.92267 0.28793 0.25646 
0.92267 0.28793 0.25646 
0.92267 0.28793 0.25646 
0.74826 0.52197 -0.40947 
0.74826 0.52197 -0.40947 
0.74826 0.52197 -0.40947 
0.74826 0.52197 -0.40947 
-0.11875 -0.98407 0.13229 
-0.11875 -0.98407 0.13229 
-0.11875 -0.98407 0.13229 
-0.11875 -0.98407 0.13229 
-0.80207 -0.56262 0.20038 
-0.80207 -0.56262 0.20038 
-0.80207 -0.56262 0.20038 
-0.80207 -0.56262 0.20038 
-0.96718 -0.13519 -0.21513 
-0.96718 -0.13519 -0.21513 
-0.96718 -0.13519 -0.21513 
-0.96718 -0.13519 -0.21513 
-0.67888 0.72188 -0.1342 
-0.67888 0.72188 -0.1342 
-0.67888 0.72188 -0.1342 
-0.67888 0.72188 -0.1342 
-0.85857 -0.18345 0.47874 
-0.85857 -0.18345 0.47874 
-0.85857 -0.18345 0.47874 
-0.85857 -0.18345 0.47874 
0.30207 -0.27499 -0.91276 
0.30207 -0.27499 -0.91276 
0.30207 -0.27499 -0.91276 
0.30207 -0.27499 -0.91276 
-0.040727 0.96037 0.27574 
-0.040727 0.96037 0.27574 
-0.040727 0.96037 0.27574 
-0.040727 0.96037 0.27574 
-0.54425 -0.41768 -0.72756 
-0.54425 -0.41768 -0.72756 
-0.54425 -0.41768 -0.72756 
-0.54425 -0.41768 -0.72756 
0.7073 0.12895 0.69506 
0.7073 0.12895 0.69506 
0.7073 0.12895 0.69506 
0.7073 0.12895 0.69506 
0.49931 -0.51117 0.69957 
0.49931 -0.51117 0.69957 
0.49931 -0.51117 0.69957 
0.49931 -0.51117 0.69957 
-0.93966 0.30894 -0.14697 
-0.93966 0.30894 -0.14697 
-0.93966 0.30894 -0.14697 
-0.93966 0.30894 -0.14697 
-0.73489 -0.67116 -0.097337 
-0.73489 -0.67116 -0.097337 
-0.73489 -0.67116 -0.097337 
-0.73489 -0.67116 -0.097337 
0.9754 -0.061314 0.21176 
0.9754 -0.061314 0.21176 
0.9754 -0.061314 0.21176 
0.9754 -0.061314 0.21176 
0.98639 -0.041692 -0.15903 
0.98639 -0.041692 -0.15903 
0.98639 -0.041692 -0.15903 
0.98639 -0.041692 -0.15903 
-0.27461 -0.88583 0.37403 
-0.27461 -0.88583 0.37403 
-0.27461 -0.88583 0.37403 
-0.27461 -0.88583 0.37403 
0.75098 -0.22626 -0.62036 
0.75098 -0.22626 -0.62036 
0.75098 -0.22626 -0.62036 
0.75098 -0.22626 -0.62036 
-0.13571 -0.90165 -0.41062 
-0.13571 -0.90165 -0.41062 
-0.13571 -0.90165 -0.41062 
-0.13571 -0.90165 -0.41062 
0.6123 -0.20993 -0.76225 
0.6123 -0.20993 -0.76225 
0.6123 -0.20993 -0.76225 
0.6123 -0.20993 -0.76225 
-0.56429 0.48362 0.66909 
-0.56429 0.48362 0.66909 
-0.56429 0.48362 0.66909 
-0.56429 0.48362 0.66909 
0.48809 -0.79221 0.36628 
0.48809 -0.79221 0.36628 
0.48809 -0.79221 0.36628 
0.48809 -0.79221 0.36628 
0.47274 0.28545 0.83369 
0.47274 0.28545 0.83369 
0.47274 0.28545 0.83369 
0.47274 0.28545 0.83369 
-0.38856 -0.056612 -0.91968 
-0.38856 -0.056612 -0.91968 
-0.38856 -0.056612 -0.91968 
-0.38856 -0.056612 -0.91968 
-0.042058 0.38788 0.92075 
-0.042058 0.38788 0.92075 
-0.042058 0.38788 0.92075 
-0.042058 0.38788 0.92075 
0.49931 -0.51117 0.69957 
0.49931 -0.51117 0.69957 
0.49931 -0.51117 0.69957 
0.49931 -0.51117 0.69957 
-0.013662 0.0092935 -0.99986 
-0.013662 0.0092935 -0.99986 
-0.013662 0.0092935 -0.99986 
-0.013662 0.0092935 -0.99986 
-0.76767 0.072755 -0.6367 
-0.76767 0.072755 -0.6367 
-0.76767 0.072755 -0.6367 
-0.76767 0.072755 -0.6367 
0.30858 -0.9398 0.1468 
0.30858 -0.9398 0.1468 
0.30858 -0.9398 0.1468 
0.30858 -0.9398 0.1468 
0.73116 -0.67814 0.074406 
0.73116 -0.67814 0.074406 
0.73116 -0.67814 0.074406 
0.73116 -0.67814 0.074406 
-0.032709 -0.60428 0.7961 
-0.032709 -0.60428 0.7961 
-0.032709 -0.60428 0.7961 
-0.032709 -0.60428 0.7961 
-0.15725 -0.5051 0.84862 
-0.15725 -0.5051 0.84862 
-0.15725 -0.5051 0.84862 
-0.15725 -0.5051 0.84862 
-0.31615 0.11532 -0.94167 
-0.31615 0.11532 -0.94167 
-0.31615 0.11532 -0.94167 
-0.31615 0.11532 -0.94167 
0.095646 -0.85462 0.51037 
0.095646 -0.85462 0.51037 
0.095646 -0.85462 0.51037 
0.095646 -0.85462 0.51037 
-0.39727 -0.71064 0.58066 
-0.39727 -0.71064 0.58066 
-0.39727 -0.71064 0.58066 
-0.39727 -0.71064 0.58066 
0.016581 -0.99769 -0.065802 
0.016581 -0.99769 -0.065802 
0.016581 -0.99769 -0.065802 
0.016581 -0.99769 -0.065802 
-0.53293 -0.43781 0.72409 
-0.53293 -0.43781 0.72409 
-0.53293 -0.43781 0.72409 
-0.53293 -0.43781 0.72409 
-0.82599 0.23747 0.51122 
-0.82599 0.23747 0.51122 
-0.82599 0.23747 0.51122 
-0.82599 0.23747 0.51122 
-0.14023 0.083748 0.98657 
-0.14023 0.083748 0.98657 
-0.14023 0.083748 0.98657 
-0.14023 0.083748 0.98657 
-0.86185 -0.34155 -0.3749 
-0.86185 -0.34155 -0.3749 
-0.86185 -0.34155 -0.3749 
-0.86185 -0.34155 -0.3749 
0.0087369 -0.77901 0.62695 
0.0087369 -0.77901 0.62695 
0.0087369 -0.77901 0.62695 
0.0087369 -0.77901 0.62695 
-0.60652 -0.40326 0.68521 
-0.60652 -0.40326 0.68521 
-0.60652 -0.40326 0.68521 
-0.60652 -0.40326 0.68521 
-0.85116 -0.29558 -0.43377 
-0.85116 -0.29558 -0.43377 
-0.85116 -0.29558 -0.43377 
-0.85116 -0.29558 -0.43377 
0.57349 -0.27652 0.77113 
0.57349 -0.27652 0.77113 
0.57349 -0.27652 0.77113 
0.57349 -0.27652 0.77113 
0.1816 -0.53605 0.82442 
0.1816 -0.53605 0.82442 
0.1816 -0.53605 0.82442 
0.1816 -0.53605 0.82442 
-0.59073 -0.78192 0.1991 
-0.59073 -0.78192 0.1991 
-0.59073 -0.78192 0.1991 
-0.59073 -0.78192 0.1991 
-0.94866 -0.04821 0.31259 
-0.94866 -0.04821 0.31259 
-0.94866 -0.04821 0.31259 
-0.94866 -0.04821 0.31259 
0.38907 -0.41536 -0.82226 
0.38907 -0.41536 -0.82226 
0.38907 -0.41536 -0.82226 
0.38907 -0.41536 -0.82226 
-0.15594 0.94075 -0.30111 
-0.15594 0.94075 -0.30111 
-0.15594 0.94075 -0.30111 
-0.15594 0.94075 -0.30111 
0.82541 0.18786 -0.53236 
0.82541 0.18786 -0.53236 
0.82541 0.18786 -0.53236 
0.82541 0.18786 -0.53236 
0.11638 0.83968 0.53047 
0.11638 0.83968 0.53047 
0.11638 0.83968 0.53047 
0.11638 0.83968 0.53047 
-0.35856 0.62257 -0.69559 
-0.35856 0.62257 -0.69559 
-0.35856 0.62257 -0.69559 
-0.35856 0.62257 -0.69559 
-0.46449 0.85133 0.24389 
-0.46449 0.85133 0.24389 
-0.46449 0.85133 0.24389 
-0.46449 0.85133 0.24389 
-0.41518 0.90862 0.045091 
-0.41518 0.90862 0.045091 
-0.41518 0.90862 0.045091 
-0.41518 0.90862 0.045091 
-0.56446 -0.79114 -0.23554 
-0.56446 -0.79114 -0.23554 
-0.56446 -0.79114 -0.23554 
-0.56446 -0.79114 -0.23554 
0.49906 -0.68361 0.53255 
0.49906 -0.68361 0.53255 
0.49906 -0.68361 0.53255 
0.49906 -0.68361 0.53255 
-0.52602 -0.71803 -0.45578 
-0.52602 -0.71803 -0.45578 
-0.52602 -0.71803 -0.45578 
-0.52602 -0.71803 -0.45578 
-0.92845 0.32525 -0.17943 
-0.92845 0.32525 -0.17943 
-0.92845 0.32525 -0.17943 
-0.92845 0.32525 -0.17943 
-0.40124 -0.90858 -0.11612 
-0.40124 -0.90858 -0.11612 
-0.40124 -0.90858 -0.11612 
-0.40124 -0.90858 -0.11612 
0.76588 0.035643 0.64199 
0.76588 0.035643 0.64199 
0.76588 0.035643 0.64199 
0.76588 0.035643 0.64199 
-0.3185 -0.15784 0.93469 
-0.3185 -0.15784 0.93469 
-0.3185 -0.15784 0.93469 
-0.3185 -0.15784 0.93469 
-0.71678 0.67399 0.17877 
-0.71678 0.67399 0.17877 
-0.71678 0.67399 0.17877 
-0.71678 0.67399 0.17877 
0.20872 0.77464 0.59697 
0.20872 0.77464 0.59697 
0.20872 0.77464 0.59697 
0.20872 0.77464 0.59697 
0.17416 -0.90461 0.38904 
0.17416 -0.90461 0.38904 
0.17416 -0.90461 0.38904 
0.17416 -0.90461 0.38904 
-0.17441 -0.68485 -0.70751 
-0.17441 -0.68485 -0.70751 
-0.17441 -0.68485 -0.70751 
-0.17441 -0.68485 -0.70751 
0.82492 -0.38964 0.4095 
0.82492 -0.38964 0.4095 
0.82492 -0.38964 0.4095 
0.82492 -0.38964 0.4095 
0.72744 -0.50262 0.46712 
0.72744 -0.50262 0.46712 
0.72744 -0.50262 0.46712 
0.72744 -0.50262 0.46712 
0.74733 0.56726 -0.346 
0.74733 0.56726 -0.346 
0.74733 0.56726 -0.346 
0.74733 0.56726 -0.346 
-0.21429 0.64014 0.73777 
-0.21429 0.64014 0.73777 
-0.21429 0.64014 0.73777 
-0.21429 0.64014 0.73777 
-0.85857 -0.18345 0.47874 
-0.85857 -0.18345 0.47874 
-0.85857 -0.18345 0.47874 
-0.85857 -0.18345 0.47874 
0.27544 -0.075977 0.95831 
0.27544 -0.075977 0.95831 
0.27544 -0.075977 0.95831 
0.27544 -0.075977 0.95831 
-0.36907 -0.86241 0.34645 
-0.36907 -0.86241 0.34645 
-0.36907 -0.86241 0.34645 
-0.36907 -0.86241 0.34645 
-0.092095 -0.48243 -0.87108 
-0.092095 -0.48243 -0.87108 
-0.092095 -0.48243 -0.87108 
-0.092095 -0.48243 -0.87108 
-0.14023 0.083748 0.98657 
-0.14023 0.083748 0.98657 
-0.14023 0.083748 0.98657 
-0.14023 0.083748 0.98657 
-0.19257 0.34866 -0.91725 
-0.19257 0.34866 -0.91725 
-0.19257 0.34866 -0.91725 
-0.19257 0.34866 -0.91725 
-0.58253 -0.59405 -0.55476 
-0.58253 -0.59405 -0.55476 
-0.58253 -0.59405 -0.55476 
-0.58253 -0.59405 -0.55476 
-0.9264 -0.36365 0.097699 
-0.9264 -0.36365 0.097699 
-0.9264 -0.36365 0.097699 
-0.9264 -0.36365 0.097699 
-0.85116 -0.29558 -0.43377 
-0.85116 -0.29558 -0.43377 
-0.85116 -0.29558 -0.43377 
-0.85116 -0.29558 -0.43377 
-0.61933 0.051695 0.78343 
-0.61933 0.051695 0.78343 
-0.61933 0.051695 0.78343 
-0.61933 0.051695 0.78343 
0.96537 -0.096808 -0.24227 
0.96537 -0.096808 -0.24227 
0.96537 -0.096808 -0.24227 
0.96537 -0.096808 -0.24227 
0.57959 -0.8142 0.033857 
0.57959 -0.8142 0.033857 
0.57959 -0.8142 0.033857 
0.57959 -0.8142 0.033857 
0.56418 -0.30794 0.76608 
0.56418 -0.30794 0.76608 
0.56418 -0.30794 0.76608 
0.56418 -0.30794 0.76608 
0.8564 0.15747 -0.49172 
0.8564 0.15747 -0.49172 
0.8564 0.15747 -0.49172 
0.8564 0.15747 -0.49172 
0.49277 0.025932 -0.86977 
0.49277 0.025932 -0.86977 
0.49277 0.025932 -0.86977 
0.49277 0.025932 -0.86977 
-0.5712 -0.37259 0.73137 
-0.5712 -0.37259 0.73137 
-0.5712 -0.37259 0.73137 
-0.5712 -0.37259 0.73137 
0.11638 0.83968 0.53047 
0.11638 0.83968 0.53047 
0.11638 0.83968 0.53047 
0.11638 0.83968 0.53047 
0.7605 0.63742 0.12385 
0.7605 0.63742 0.12385 
0.7605 0.63742 0.12385 
0.7605 0.63742 0.12385 
0.46191 0.84101 -0.28167 
0.46191 0.84101 -0.28167 
0.46191 0.84101 -0.28167 
0.46191 0.84101 -0.28167 
0.23232 0.93182 -0.27881 
0.23232 0.93182 -0.27881 
0.23232 0.93182 -0.27881 
0.23232 0.93182 -0.27881 
-0.5536 0.57448 -0.60291 
-0.5536 0.57448 -0.60291 
-0.5536 0.57448 -0.60291 
-0.5536 0.57448 -0.60291 
-0.25049 -0.71335 0.65451 
-0.25049 -0.71335 0.65451 
-0.25049 -0.71335 0.65451 
-0.25049 -0.71335 0.65451 
0.3842 -0.74293 -0.54813 
0.3842 -0.74293 -0.54813 
0.3842 -0.74293 -0.54813 
0.3842 -0.74293 -0.54813 
-0.67584 0.58207 0.45215 
-0.67584 0.58207 0.45215 
-0.67584 0.58207 0.45215 
-0.67584 0.58207 0.45215 
-0.27461 -0.88583 0.37403 
-0.27461 -0.88583 0.37403 
-0.27461 -0.88583 0.37403 
-0.27461 -0.88583 0.37403 
-0.60505 0.71195 0.35642 
-0.60505 0.71195 0.35642 
-0.60505 0.71195 0.35642 
-0.60505 0.71195 0.35642 
-0.88726 0.45441 0.079298 
-0.88726 0.45441 0.079298 
-0.88726 0.45441 0.079298 
-0.88726 0.45441 0.079298 
-0.80128 -0.40897 -0.43668 
-0.80128 -0.40897 -0.43668 
-0.80128 -0.40897 -0.43668 
-0.80128 -0.40897 -0.43668 
0.15826 0.78335 0.6011 
0.15826 0.78335 0.6011 
0.15826 0.78335 0.6011 
0.15826 0.78335 0.6011 
0.40473 0.89009 0.20959 
0.40473 0.89009 0.20959 
0.40473 0.89009 0.20959 
0.40473 0.89009 0.20959 
0.22981 0.12345 -0.96537 
0.22981 0.12345 -0.96537 
0.22981 0.12345 -0.96537 
0.22981 0.12345 -0.96537 
0.25505 -0.86847 -0.4251 
0.25505 -0.86847 -0.4251 
0.25505 -0.86847 -0.4251 
0.25505 -0.86847 -0.4251 
0.088952 -0.12515 -0.98814 
0.088952 -0.12515 -0.98814 
0.088952 -0.12515 -0.98814 
0.088952 -0.12515 -0.98814 
-0.0093492 0.99216 0.12465 
-0.0093492 0.99216 0.12465 
-0.0093492 0.99216 0.12465 
-0.0093492 0.99216 0.12465 
0.14856 0.31712 -0.93668 
0.14856 0.31712 -0.93668 
0.14856 0.31712 -0.93668 
0.14856 0.31712 -0.93668 
0.86482 -0.131 0.48469 
0.86482 -0.131 0.48469 
0.86482 -0.131 0.48469 
0.86482 -0.131 0.48469 
0.86469 -0.45427 -0.21434 
0.86469 -0.45427 -0.21434 
0.86469 -0.45427 -0.21434 
0.86469 -0.45427 -0.21434 
-0.95111 -0.30268 0.061481 
-0.95111 -0.30268 0.061481 
-0.95111 -0.30268 0.061481 
-0.95111 -0.30268 0.061481 
-0.8119 0.4806 0.33144 
-0.8119 0.4806 0.33144 
-0.8119 0.4806 0.33144 
-0.8119 0.4806 0.33144 
0.09525 0.37125 0.92363 
0.09525 0.37125 0.92363 
0.09525 0.37125 0.92363 
0.09525 0.37125 0.92363 
-0.23859 0.74368 0.62451 
-0.23859 0.74368 0.62451 
-0.23859 0.74368 0.62451 
-0.23859 0.74368 0.62451 
-0.71678 0.67399 0.17877 
-0.71678 0.67399 0.17877 
-0.71678 0.67399 0.17877 
-0.71678 0.67399 0.17877 
0.4845 0.44217 0.75481 
0.4845 0.44217 0.75481 
0.4845 0.44217 0.75481 
0.4845 0.44217 0.75481 
0.92267 0.28793 0.25646 
0.92267 0.28793 0.25646 
0.92267 0.28793 0.25646 
0.92267 0.28793 0.25646 
0.74826 0.52197 -0.40947 
0.74826 0.52197 -0.40947 
0.74826 0.52197 -0.40947 
0.74826 0.52197 -0.40947 
-0.11875 -0.98407 0.13229 
-0.11875 -0.98407 0.13229 
-0.11875 -0.98407 0.13229 
-0.11875 -0.98407 0.13229 
-0.80207 -0.56262 0.20038 
-0.80207 -0.56262 0.20038 
-0.80207 -0.56262 0.20038 
-0.80207 -0.56262 0.20038 
-0.96718 -0.13519 -0.21513 
-0.96718 -0.13519 -0.21513 
-0.96718 -0.13519 -0.21513 
-0.96718 -0.13519 -0.21513 
-0.67888 0.72188 -0.1342 
-0.67888 0.72188 -0.1342 
-0.67888 0.72188 -0.1342 
-0.67888 0.72188 -0.1342 
-0.85857 -0.18345 0.47874 
-0.85857 -0.18345 0.47874 
-0.85857 -0.18345 0.47874 
-0.85857 -0.18345 0.47874 
0.30207 -0.27499 -0.91276 
0.30207 -0.27499 -0.91276 
0.30207 -0.27499 -0.91276 
0.30207 -0.27499 -0.91276 
-0.040727 0.96037 0.27574 
-0.040727 0.96037 0.27574 
-0.040727 0.96037 0.27574 
-0.040727 0.96037 0.27574 
-0.54425 -0.41768 -0.72756 
-0.54425 -0.41768 -0.72756 
-0.54425 -0.41768 -0.72756 
-0.54425 -0.41768 -0.72756 
0.7073 0.12895 0.69506 
0.7073 0.12895 0.69506 
0.7073 0.12895 0.69506 
0.7073 0.12895 0.69506 
0.49931 -0.51117 0.69957 
0.49931 -0.51117 0.69957 
0.49931 -0.51117 0.69957 
0.49931 -0.51117 0.69957 
-0.93966 0.30894 -0.14697 
-0.93966 0.30894 -0.14697 
-0.93966 0.30894 -0.14697 
-0.93966 0.30894 -0.14697 
-0.73489 -0.67116 -0.097337 
-0.73489 -0.67116 -0.097337 
-0.73489 -0.67116 -0.097337 
-0.73489 -0.67116 -0.097337 
0.9754 -0.061314 0.21176 
0.9754 -0.061314 0.21176 
0.9754 -0.061314 0.21176 
0.9754 -0.061314 0.21176 
0.98639 -0.041692 -0.15903 
0.98639 -0.041692 -0.15903 
0.98639 -0.041692 -0.15903 
0.98639 -0.041692 -0.15903 
-0.27461 -0.88583 0.37403 
-0.27461 -0.88583 0.37403 
-0.27461 -0.88583 0.37403 
-0.27461 -0.88583 0.37403 
0.75098 -0.22626 -0.62036 
0.75098 -0.22626 -0.62036 
0.75098 -0.22626 -0.62036 
0.75098 -0.22626 -0.62036 
-0.13571 -0.90165 -0.41062 
-0.13571 -0.90165 -0.41062 
-0.13571 -0.90165 -0.41062 
-0.13571 -0.90165 -0.41062 
0.6123 -0.20993 -0.76225 
0.6123 -0.20993 -0.76225 
0.6123 -0.20993 -0.76225 
0.6123 -0.20993 -0.76225 
-0.56429 0.48362 0.66909 
-0.56429 0.48362 0.66909 
-0.56429 0.48362 0.66909 
-0.56429 0.48362 0.66909 
0.48809 -0.79221 0.36628 
0.48809 -0.79221 0.36628 
0.48809 -0.79221 0.36628 
0.48809 -0.79221 0.36628 
0.47274 0.28545 0.83369 
0.47274 0.28545 0.83369 
0.47274 0.28545 0.83369 
0.47274 0.28545 0.83369 
-0.38856 -0.056612 -0.91968 
-0.38856 -0.056612 -0.91968 
-0.38856 -0.056612 -0.91968 
-0.38856 -0.056612 -0.91968 
-0.042058 0.38788 0.92075 
-0.042058 0.38788 0.92075 
-0.042058 0.38788 0.92075 
-0.042058 0.38788 0.92075 
0.49931 -0.51117 0.69957 
0.49931 -0.51117 0.69957 
0.49931 -0.51117 0.69957 
0.49931 -0.51117 0.69957 
-0.013662 0.0092935 -0.99986 
-0.013662 0.0092935 -0.99986 
-0.013662 0.0092935 -0.99986 
-0.013662 0.0092935 -0.99986 
-0.76767 0.072755 -0.6367 
-0.76767 0.072755 -0.6367 
-0.76767 0.072755 -0.6367 
-0.76767 0.072755 -0.6367 
0.30858 -0.9398 0.1468 
0.30858 -0.9398 0.1468 
0.30858 -0.9398 0.1468 
0.30858 -0.9398 0.1468 
0.73116 -0.67814 0.074406 
0.73116 -0.67814 0.074406 
0.73116 -0.67814 0.074406 
0.73116 -0.67814 0.074406 
-0.032709 -0.60428 0.7961 
-0.032709 -0.60428 0.7961 
-0.032709 -0.60428 0.7961 
-0.032709 -0.60428 0.7961 
-0.15725 -0.5051 0.84862 
-0.15725 -0.5051 0.84862 
-0.15725 -0.5051 0.84862 
-0.15725 -0.5051 0.84862 
-0.31615 0.11532 -0.94167 
-0.31615 0.11532 -0.94167 
-0.31615 0.11532 -0.94167 
-0.31615 0.11532 -0.94167 
0.095646 -0.85462 0.51037 
0.095646 -0.85462 0.51037 
0.095646 -0.85462 0.51037 
0.095646 -0.85462 0.51037 
-0.39727 -0.71064 0.58066 
-0.39727 -0.71064 0.58066 
-0.39727 -0.71064 0.58066 
-0.39727 -0.71064 0.58066 
0.016581 -0.99769 -0.065802 
0.016581 -0.99769 -0.065802 
0.016581 -0.99769 -0.065802 
0.016581 -0.99769 -0.065802 
-0.53293 -0.43781 0.72409 
-0.53293 -0.43781 0.72409 
-0.53293 -0.43781 0.72409 
-0.53293 -0.43781 0.72409 
-0.82599 0.23747 0.51122 
-0.82599 0.23747 0.51122 
-0.82599 0.23747 0.51122 
-0.82599 0.23747 0.51122 
-0.14023 0.083748 0.98657 
-0.14023 0.083748 0.98657 
-0.14023 0.083748 0.98657 
-0.14023 0.083748 0.98657 
-0.86185 -0.34155 -0.3749 
-0.86185 -0.34155 -0.3749 
-0.86185 -0.34155 -0.3749 
-0.86185 -0.34155 -0.3749 
0.0087369 -0.77901 0.62695 
0.0087369 -0.77901 0.62695 
0.0087369 -0.77901 0.62695 
0.0087369 -0.77901 0.62695 
-0.60652 -0.40326 0.68521 
-0.60652 -0.40326 0.68521 
-0.60652 -0.40326 0.68521 
-0.60652 -0.40326 0.68521 
-0.85116 -0.29558 -0.43377 
-0.85116 -0.29558 -0.43377 
-0.85116 -0.29558 -0.43377 
-0.85116 -0.29558 -0.43377 
0.57349 -0.27652 0.77113 
0.57349 -0.27652 0.77113 
0.57349 -0.27652 0.77113 
0.57349 -0.27652 0.77113 
0.1816 -0.53605 0.82442 
0.1816 -0.53605 0.82442 
0.1816 -0.53605 0.82442 
0.1816 -0.53605 0.82442 
-0.59073 -0.78192 0.1991 
-0.59073 -0.78192 0.1991 
-0.59073 -0.78192 0.1991 
-0.59073 -0.78192 0.1991 
-0.94866 -0.04821 0.31259 
-0.94866 -0.04821 0.31259 
-0.94866 -0.04821 0.31259 
-0.94866 -0.04821 0.31259 
0.38907 -0.41536 -0.82226 
0.38907 -0.41536 -0.82226 
0.38907 -0.41536 -0.82226 
0.38907 -0.41536 -0.82226 
-0.15594 0.94075 -0.30111 
-0.15594 0.94075 -0.30111 
-0.15594 0.94075 -0.30111 
-0.15594 0.94075 -0.30111 
0.82541 0.18786 -0.53236 
0.82541 0.18786 -0.53236 
0.82541 0.18786 -0.53236 
0.82541 0.18786 -0.53236 
0.11638 0.83968 0.53047 
0.11638 0.83968 0.53047 
0.11638 0.83968 0.53047 
0.11638 0.83968 0.53047 
-0.35856 0.62257 -0.69559 
-0.35856 0.62257 -0.69559 
-0.35856 0.62257 -0.69559 
-0.35856 0.62257 -0.69559 
-0.46449 0.85133 0.24389 
-0.46449 0.85133 0.24389 
-0.46449 0.85133 0.24389 
-0.46449 0.85133 0.24389 
-0.41518 0.90862 0.045091 
-0.41518 0.90862 0.045091 
-0.41518 0.90862 0.045091 
-0.41518 0.90862 0.045091 
-0.56446 -0.79114 -0.23554 
-0.56446 -0.79114 -0.23554 
-0.56446 -0.79114 -0.23554 
-0.56446 -0.79114 -0.23554 
0.49906 -0.68361 0.53255 
0.49906 -0.68361 0.53255 
0.49906 -0.68361 0.53255 
0.49906 -0.68361 0.53255 
